3 0.044406934375 0.1720197171875 0.030916209374999996 0.21441172812499998 0.027543531249999996 0.4598391484375 0.10174251875 0.46207030781249997 0.10511519843749999 0.20994941093750003 0.09162447343749999 0.1720197171875 0.08993813125 0.06938643125 0.096683496875 0.047074846875 0.0376615734375 0.047074846875 0.042720596875 0.06938643125 0.044406934375 0.1720197171875
3 0.1489600546875 0.1564016109375 0.140528353125 0.2389544671875 0.1354693296875 0.29919574375 0.13884201093749998 0.4062913484375 0.21978636406250002 0.41075366718749995 0.22147270156249999 0.3170450109375 0.2231590421875 0.2389544671875 0.2096683171875 0.1497081328125 0.201236615625 0.0783110671875 0.197863934375 0.0426125328125 0.157391759375 0.0426125328125 0.157391759375 0.0783110671875 0.1489600546875 0.1564016109375
3 0.329398503125 0.1809443484375 0.2670039 0.2523414203125 0.25351317500000004 0.3237384875 0.2636312203125 0.3862109234375 0.299044371875 0.4397587234375 0.41540187656249994 0.43752756406250004 0.43732430625 0.4062913484375 0.4592467328125 0.3237384875 0.439010646875 0.247879103125 0.383361403125 0.1764820359375 0.378302384375 0.0850045390625 0.3766160421875 0.0426125328125 0.33108484531250004 0.0448436875 0.3344575265625 0.0783110671875 0.329398503125 0.1809443484375
3 0.4862281828125 0.0983914921875 0.4693647796875 0.134090025 0.4693647796875 0.22779867656250002 0.4693647796875 0.4040601890625 0.4693647796875 0.42637177499999995 0.5435637671875 0.42190945625 0.5435637671875 0.2077182515625 0.5435637671875 0.1296277078125 0.5300730390624999 0.0961603328125 0.523327678125 0.06938643125 0.523327678125 0.040381375000000004 0.482855503125 0.040381375000000004 0.4862281828125 0.06492411249999999 0.4862281828125 0.0983914921875
3 0.6245081156250001 0.1742508765625 0.6008993484375 0.2300298359375 0.5907813015625 0.42637177499999995 0.602585690625 0.43529640468749997 0.60933105 0.466532625 0.70545246875 0.46207030781249997 0.70545246875 0.43752756406250004 0.7121978296875 0.42190945625 0.70545246875 0.2211052 0.68015735625 0.16309508281250001 0.6767846750000001 0.0760799078125 0.678471015625 0.038150215625 0.6278807984375 0.040381375000000004 0.63125348125 0.0738487484375 0.6245081156250001 0.1742508765625
3 0.7931421828125 0.23226099531250002 0.7627880499999999 0.3572058609375 0.761101709375 0.4040601890625 0.77290609375 0.46207030781249997 0.8605958062499999 0.45760798906250005 0.875772871875 0.38844208281250003 0.862282146875 0.31927616875 0.8403597171875001 0.2255675171875 0.8353006984375 0.08277337968750001 0.83361435625 0.0426125328125 0.7982012015625 0.047074846875 0.7998875421875 0.087235696875 0.7931421828125 0.23226099531250002
3 0.90106798125 0.087235696875 0.88757725625 0.116240759375 0.88757725625 0.2701906875 0.976953309375 0.2701906875 0.9786396515625 0.11847191718750001 0.9651489265625001 0.08277337968750001 0.9617762437499999 0.060461799999999996 0.9634625859374999 0.0493060046875 0.8976952984375 0.047074846875 0.8993816390625 0.06492411249999999 0.90106798125 0.087235696875
3 0.0241708484375 0.645025296875 0.025857190625 0.8904527171875 0.1658234609375 0.8949150359375 0.1658234609375 0.6361006609375 0.1202922640625 0.5602412765625 0.11523324374999999 0.502231159375 0.074761065625 0.5 0.06632936406249999 0.5624724359375 0.0241708484375 0.645025296875
3 0.25688585625 0.555778959375 0.20629563593750003 0.68072383125 0.19617759375 0.752120896875 0.201236615625 0.8235179640625001 0.22147270156249999 0.8904527171875 0.33783020937499997 0.8859904000000001 0.356379953125 0.8190556515624999 0.3614389765625 0.7454274203125 0.3445755703125 0.6539499281250001 0.3007307125 0.551316640625 0.3024170546875 0.5156181078125 0.307476078125 0.479919575 0.2518268328125 0.4843818921875 0.2585721984375 0.5156181078125 0.25688585625 0.555778959375
3 0.39853846875 0.5691659078125 0.381675065625 0.600402128125 0.38842042656250003 0.8190556515624999 0.3917931078125 0.8859904000000001 0.449128690625 0.8904527171875 0.4541877125 0.8101310156249999 0.4541877125 0.5870151796874999 0.43732430625 0.5691659078125 0.43732430625 0.468763784375 0.39853846875 0.466532625 0.39853846875 0.479919575 0.39853846875 0.5691659078125
3 0.5216413375 0.609326759375 0.49971891093750004 0.6494876109375001 0.5030915890625 0.8815280828125 0.594153984375 0.87706576875 0.5924676437499999 0.6383318203125 0.5705452171875 0.5914774921875 0.563799853125 0.502231159375 0.563799853125 0.46207030781249997 0.5300730390624999 0.466532625 0.5300730390624999 0.5066934765625 0.5216413375 0.609326759375
3 0.6447442046875 0.600402128125 0.6413715234375 0.883759240625 0.7121978296875 0.879296928125 0.7121978296875 0.5870151796874999 0.6970207640625 0.5580101171875 0.6970207640625 0.5223115843749999 0.691961740625 0.4888442109375 0.66329395 0.4888442109375 0.6582349296875 0.5602412765625 0.6447442046875 0.600402128125
3 0.7644743875 0.5959398109375 0.7627880499999999 0.8748346109374999 0.8572231234375 0.8815280828125 0.8538504421875001 0.5892463328125 0.8369870390624999 0.5580101171875 0.83361435625 0.5379296921875001 0.8268689921875 0.4888442109375 0.7965148609375 0.4888442109375 0.788083159375 0.5580101171875 0.7644743875 0.5959398109375
3 0.9246767515625001 0.5156181078125 0.9078133453125 0.551316640625 0.9078133453125 0.888221559375 0.9803259921875 0.87706576875 0.9803259921875 0.5356985328125 0.9651489265625001 0.5111557890625 0.9617762437499999 0.3862109234375 0.9584035625 0.3572058609375 0.9229904109374999 0.3616681796875 0.9229904109374999 0.3973667125 0.9246767515625001 0.5156181078125