11 0.2183962046875 0.9906040781250001 0.2372641296875 0.9444789078125 0.43301884687500003 0.7893306109375 0.4849056390625 0.732722446875 0.5273584687499999 0.6341823109375 0.7360848843750001 0.7117564609375 0.83042450625 0.6782108828125 0.8658018656250001 0.77465441875 0.9872641296875001 0.8375523781249999 1 0.686597278125 0.514386771875 0.4224258515625 0.58042450625 0.3553346953125 0.5816037515625 0.3217891171875 0.5886792234375 0.2987265328125 0.5568396015625 0.3071129265625 0.462499978125 0.399363265625 0.3599056390625 0.3742040828125 0.3351414875 0.382590478125 0.33396224218750004 0.3930734703125 0.375235828125 0.43290884375000005 0.36698111093749997 0.4790340140625 0.33042450625 0.5209659859375 0.1511792234375 0.6886938765624999 0.134669790625 0.6698244890625 0.0851414875 0.7075632640625 0.023820732812500002 0.7432054406249999 0.00259431875 0.8207795890625 0.001415071875 0.994797275 0.2183962046875 0.9906040781250001
11 0.5497641296875 0.9696380921875001 0.5379716765625 0.994797275 0.99316035625 1 0.995518846875 0.885774146875 0.9495282812499999 0.8773877515624999 0.9200471484375001 0.9025469359375 0.826886771875 0.9109333296875001 0.7785377140625 0.8710979562500001 0.6158018656250001 0.8543251671875 0.57452828125 0.919319725 0.5698113 0.9717346890625 0.5497641296875 0.9696380921875001
11 0.698349034375 0.77675101875 0.61816035625 0.7348190453125001 0.57099054375 0.732722446875 0.5851414875 0.7683646234375 0.745518846875 0.8438421734375 0.698349034375 0.77675101875
11 0.082782996875 0.005202725 0.001415071875 0.005202725 0.01202828125 0.1226122484375 0.043867903125 0.12470884687499999 0.06509431875 0.049231296875000004 0.082782996875 0.005202725
1 0 0.5167727890625 0.25259431875 0.2966299328125 0.32099054374999997 0.382590478125 0.381132053125 0.351141496875 0.42122639375000004 0.33856190625 0.4129716765625 0.30291972968750003 0.24316035625 0.22324898124999998 0.2537735625 0.1687374171875 0.312735828125 0.17293061406250002 0.318632053125 0.1309986421875 0.56155658125 0.26098775625 0.5238207328125 0 0.0981131859375 0.005202725 0.056839601562499995 0.11632245156250001 0.048584884375 0.27356734843749997 0.0049528093750000005 0.3280789125 0 0.5167727890625
1 0.7879716765625 0.407749659375 0.81155658125 0.22324898124999998 0.8162735624999999 0.16664081875 0.8634433749999999 0.2987265328125 0.8964622421874999 0.35743129375 0.942452809375 0.3490449 0.9566037515625 0.28195374375000004 0.9165094125 0.14777143125 0.9566037515625 0.17712381093750001 0.97429243125 0.11841905156250002 0.9613207328125 0.0031061265625 0.625235828125 0.0031061265625 0.69009431875 0.0995496625 0.7254716765625 0.114225853125 0.7396226203125 0.399363265625 0.7879716765625 0.407749659375
1 0.67122639375 0.4979034015625 0.995518846875 0.6698244890625 1 0.4203292515625 0.8021226203125 0.37839727968750003 0.7714622421875 0.418232653125 0.7183962046875 0.399363265625 0.712499978125 0.3553346953125 0.6158018656250001 0.3071129265625 0.5851414875 0.353238096875 0.57452828125 0.4161360546875 0.592216959375 0.4559714296875 0.67122639375 0.4979034015625
1 0.5816037515625 0.7998136031249999 0.56155658125 0.66143809375 0.27146224218750004 0.9402857109375 0.236084884375 0.9927006765625 0.514386771875 1 0.6193396015625 0.8207795890625 0.5816037515625 0.7998136031249999
1 0.9106131859375 0.885774146875 0.9825471484375001 0.8606149625 0.832782996875 0.7432054406249999 0.7325471484375 0.7306258484375 0.5898584687499999 0.6803074812500001 0.61816035625 0.7201428562500001 0.7537735624999999 0.8081999968750001 0.8068396015625 0.8752911531249999 0.9106131859375 0.885774146875
9 0.325707525 0.5167727890625 0.3068396015625 0.386783675 0.2573113 0.3071129265625 0.00259431875 0.5398353734375 0 0.64256870625 0.034433940625 0.72852925 0.325707525 0.5167727890625
9 0.7325471484375 0.3343687078125 0.726650921875 0.1456748328125 0.64292450625 0.0450381 0.539150921875 0.0031061265625 0.57099054375 0.27356734843749997 0.325707525 0.1519646296875 0.3162735625 0.189703403125 0.260849034375 0.181317009375 0.2573113 0.20857279218749997 0.48136790312500005 0.361624490625 0.592216959375 0.286146940625 0.7325471484375 0.3343687078125