12 0.15824468125 0.7566489359374999 0.1635638296875 0.8656914890625 0.142287234375 0.8976063828124999 0.13430851093750001 0.924202128125 0.1875 0.94281915 0.27526595625 0.934840425 0.297872340625 0.79122340625 0.296542553125 0.6396276578125 0.2938829796875 0.47207446875 0.1928191484375 0.45611702187500003 0.135638296875 0.453457446875 0.114361703125 0.6023936171875001 0.13696808437500002 0.6422872328125 0.15957446875 0.70877659375 0.15824468125 0.7566489359374999
12 0.502659575 0 0.41223404375 0.0146276578125 0.35505319218750003 0.049202128125 0.34175531875 0.1289893609375 0.34308510625 0.19547872187499998 0.40824468124999996 0.20877659375 0.47447221875 0.18179500625 0.5199468078125 0.17952127812500002 0.549202128125 0.15558510625 0.5811170203125 0.1077127671875 0.5864361703125 0.03590425625 0.5638297875 0 0.502659575 0
12 0.7061170203125 0.027925531250000003 0.607712765625 0.04122340625 0.5744680843750001 0.1103723421875 0.58909574375 0.1449468078125 0.6755319156249999 0.15026595781250002 0.75 0.1316489359375 0.77925531875 0.0199468078125 0.7061170203125 0.027925531250000003
12 0.940159575 0.434840425 0.9574468078124999 0.3976063828125 0.97207446875 0.21675531874999998 0.97340425625 0.1103723421875 0.8656914890625 0.1050531921875 0.8244680843750001 0.08643616875 0.8058510640625001 0.2539893609375 0.799202128125 0.328457446875 0.872340425 0.34707446875 0.940159575 0.434840425
12 0.6688829796875 0.7327127671875 0.7380319156249999 0.7300531921875 0.8204787234375001 0.690159575 0.8178191484375 0.5119680859375 0.8178191484375 0.45877659375 0.7912234046875 0.429521278125 0.674202128125 0.429521278125 0.5837765953125 0.41622340625 0.565159575 0.421542553125 0.5545212765625 0.5199468078125 0.577127659375 0.6396276578125 0.5811170203125 0.690159575 0.6688829796875 0.7327127671875
12 0.9255319156249999 0.96675531875 0.90425531875 0.945478721875 0.90691489375 0.8763297859374999 0.9228723406249999 0.804521278125 0.9561170203125 0.804521278125 0.997340425 0.8843085109375 0.9920212765624999 0.801861703125 0.997340425 0.66090425625 0.96409574375 0.6396276578125 0.8922872343750001 0.6635638312500001 0.84175531875 0.703457446875 0.795212765625 0.700797871875 0.805148534375 0.727895421875 0.8111702125000001 0.7327127671875 0.8108579140625001 0.7345865578125 0.8537234046875 0.78324468125 0.861702128125 0.8577127671874999 0.823138296875 0.8843085109375 0.8138297874999999 0.953457446875 0.9255319156249999 0.96675531875
12 0.6888297875 1 0.7393617031249999 0.96941489375 0.8271276593750001 0.8896276578125001 0.861702128125 0.8656914890625 0.861702128125 0.809840425 0.8324468078124999 0.7353723421875 0.8111702125000001 0.7539893609375 0.767287234375 0.7672872328125 0.77659574375 0.7327127671875 0.7486702125 0.71675531875 0.7260638296875 0.695478721875 0.72340425625 0.71675531875 0.704787234375 0.7566489359374999 0.6688829796875 0.8656914890625 0.6210106390625 0.8630319140625 0.59308510625 0.8976063828124999 0.5877659562499999 0.934840425 0.5864361703125 0.9880319140625 0.6449468078125 1 0.6888297875 1
12 0.3962765953125 0.7752659578125 0.4335106390625 0.815159575 0.46941489374999995 0.84175531875 0.497340425 0.801861703125 0.546542553125 0.70877659375 0.5545212765625 0.65824468125 0.5412234046875 0.59707446875 0.46409574375 0.5119680859375 0.4428191484375 0.53058510625 0.3789893609375 0.6449468078125 0.3683510640625 0.668882978125 0.3656914890625 0.7300531921875 0.3962765953125 0.7752659578125
12 0.559840425 0.66622340625 0.546542553125 0.71409574375 0.5412234046875 0.7619680859375 0.454787234375 0.8523936171875001 0.46276595625 0.8896276578125001 0.52659574375 0.96941489375 0.5664893609375 0.8949468078124999 0.638297871875 0.8523936171875001 0.627659575 0.77792553125 0.6343085109375 0.7619680859375 0.622340425 0.72207446875 0.559840425 0.66622340625
12 0.22207446874999998 0.47739361718750006 0.2938829796875 0.421542553125 0.296542553125 0.4933510640625 0.2938829796875 0.5997340421875 0.32446808437499997 0.6875 0.3537234046875 0.6343085109375 0.34175531875 0.565159575 0.3763297875 0.53058510625 0.486702128125 0.46941489374999995 0.39494680781249997 0.41090425625 0.360372340625 0.39494680781249997 0.35505319218750003 0.301861703125 0.3829787234375 0.23803191406250002 0.329787234375 0.206117021875 0.33244680781249997 0.29122340625 0.31515957499999997 0.23803191406250002 0.2938829796875 0.21409574375 0.24734042500000003 0.28856383124999996 0.21808510625 0.34707446875 0.2114361703125 0.40026595781249996 0.22207446874999998 0.47739361718750006
12 0.752659575 0.3630319140625 0.765957446875 0.2566489359375 0.765957446875 0.15558510625 0.7406914890625 0.1316489359375 0.6303191484374999 0.16622340625 0.5877659562499999 0.174202128125 0.5811170203125 0.3630319140625 0.5877659562499999 0.40824468124999996 0.72340425625 0.40026595781249996 0.752659575 0.3630319140625